3093
A,C,D,E,F,G,H,I,K,L,M,N,P,Q,R,S,T,V,W,Y
88,11,278,1115,145,86,77,105,257,87,33,75,19,120,190,76,100,144,22,65
223,87,0,7,396,11,14,474,9,1133,84,0,16,5,10,45,74,370,63,72
102,4,292,390,31,76,56,37,725,113,57,102,16,367,441,86,70,76,8,44
205,8,338,817,98,28,76,56,439,67,26,80,8,150,289,129,101,51,94,33
916,31,2,5,88,34,8,533,5,312,531,4,3,18,28,48,114,370,31,12
15,5,0,0,2018,1,0,434,0,152,215,0,0,0,0,2,1,74,148,28
180,13,294,282,32,47,47,28,507,57,44,336,1,236,534,332,87,23,3,10
189,18,118,512,43,20,83,196,233,615,218,54,1,90,113,91,111,340,0,48
307,41,0,1,1038,46,29,338,4,277,199,13,0,10,0,62,18,371,6,333
0,0,3091,0,0,0,0,0,0,0,0,2,0,0,0,0,0,0,0,0
322,11,34,143,46,20,16,129,833,252,45,24,35,215,239,120,374,214,2,19
2,0,2047,90,1,13,2,0,47,0,0,836,0,5,18,19,13,0,0,0
63,18,45,48,4,1390,128,0,433,19,11,368,0,172,266,119,7,0,0,2
4,1,1636,1,0,19,2,0,56,1,0,688,0,12,19,576,77,1,0,0
5,4,43,14,0,2941,3,0,12,3,1,32,0,8,8,18,1,0,0,0
96,103,23,146,437,16,58,68,402,119,44,38,0,149,228,131,555,98,2,380
0,5,0,0,6,0,0,1974,0,596,53,0,0,0,0,0,0,459,0,0
10,22,915,269,0,86,8,0,16,22,26,231,11,11,8,865,593,0,0,0
303,18,60,170,741,60,28,118,214,312,48,38,113,50,158,84,187,130,32,229
293,1,466,792,9,116,45,12,338,48,24,164,147,201,118,168,54,41,1,55
9,2,227,2778,0,0,4,0,5,0,0,19,0,17,0,4,19,7,0,2
5,9,0,0,1323,0,2,73,0,1270,175,0,1,0,0,2,1,82,56,94
176,72,36,129,39,238,63,270,443,463,68,51,7,172,437,86,54,257,5,27
345,36,215,324,37,77,223,115,170,167,39,167,2,218,185,203,375,149,4,42
546,67,24,5,243,252,12,305,22,434,358,0,0,9,5,78,61,572,33,67
155,67,12,4,207,20,9,192,3,936,979,15,28,47,7,40,73,210,41,48
359,11,51,180,22,95,98,86,475,88,81,74,25,242,473,299,296,89,6,43
341,17,156,178,12,132,85,79,334,209,70,257,37,79,308,457,164,169,5,4
145,46,133,56,256,105,66,314,221,897,150,60,11,81,64,110,176,157,3,42
80,46,96,119,90,970,47,56,138,204,208,133,157,89,69,262,88,101,5,135
