GLY
4
N     CA    C     O     
1     2     0     0
0     5     0     0
0     -1    0     0
0     1     0     0
0     0     0     0
ALA
5
N     CA    C     O     CB    
1     1     0     0     3     
0     4     0     0     6
0     -1    0     0     -3
0     1     0     0     -2
0     3     0     0     0
VAL
7
N     CA    C     O     CB    CG1   CG2   
1     1     0     0     1     3     3     
0     4     0     0     4     6     6
0     -1    0     0     -3    -1    -2
0      1    0     0      1     1    -1
0      3    0     0      2     0     0
LEU
8
N     CA    C     O     CB    CG    CD1   CD2   
1     1     0     0     2     1     3     3     
0     4     0     0     5     4     6     6
0     -1    0     0     -3    -1    -1    -2
0      1    0     0      1     1     1    -1
0      3    0     0      0     2     0     0
ILE
8
N     CA    C     O     CB    CG1   CG2   CD1   
1     1     0     0     1     2     3     3     
0     4     0     0     4     5     6     6
0     -1    0     0     -3    -1    -2    -2
0      1    0     0      1     2    -1    -3
0      3    0     0      2     0     0     0
MET
8
N     CA    C     O     CB    CG    SD    CE    
1     1     0     0     2     2     0     3     
0     4     0     0     5     5     0     6
0     -1    0     0     -3    -1    0     -1
0     1     0     0      1     1    0     -2
0     3     0     0      0     0    0      0
CYS
6
N     CA    C     O     CB    SG    
1     1     0     0     2     1     
0     4     0     0     5     1
0     -1    0     0     -3    -1
0     1     0     0      1    -4           
0     3     0     0      0     0
THR
7
N     CA    C     O     CB    OG1   CG2   
1     1     0     0     1     1     3     
0     4     0     0     4     1     6
0     -1    0     0     -3    -1    -2
0     1     0     0      1    -4    -1
0     3     0     0      2     0     0
SER
6
N     CA    C     O     CB    OG             
1     1     0     0     2     1
0     4     0     0     5     1
0     -1    0     0     -3    -1
0     1     0     0      1    -4
0     3     0     0      0     0
LYS
9
N     CA    C     O     CB    CG    CD    CE    NZ    
1     1     0     0     2     2     2     2     2     
0     4     0     0     5     5     5     5     3
0     -1    0     0     -3    -1    -1    -1    -1
0     1     0     0      1     1     1     1    -2
0     3     0     0      0     0     0     0     0
ARG
11
N     CA    C     O     CB    CG    CD    NE    CZ    NH1   NH2   
1     1     0     0     2     2     2     1     0     2     1
0     4     0     0     5     5     5     2     0     3     1
0     -1    0     0     -3    -1    -1    -1    0     -1    -2
0     1     0     0      1     1     1    1     0      1    -1
0     3     0     0      0    0      0    0     0      0     0
ASP
8
N     CA    C     O     CB    CG    OD1   OD2   
1     1     0     0     2     0     0     1     
0     4     0     0     5     0     0     1
0     -1    0     0     -3    0     0     -2
0     1     0     0      1    0     0     -1                
0     3     0     0      0    0     0      0
ASN
8
N     CA    C     O     CB    CG    OD1   ND2   
1     1     0     0     2     0     0     2     
0     4     0     0     5     0     0     3
0     -1    0     0     -3    0     0     -2
0     1     0     0      1    0     0     -1
0     3     0     0      0    0     0      0
GLU
9
N     CA    C     O     CB    CG    CD    OE1   OE2    
1     1     0     0     2     2     0     0     1
0     4     0     0     5     5     0     0     1
0     -1    0     0     -3    -1    0     0     -2
0     1     0     0      1     1    0     0     -1
0     3     0     0      0     0    0     0      0
GLN
9
N     CA    C     O     CB    CG    CD    OE1   NE2   
1     1     0     0     2     2     0     0     2     
0     4     0     0     5     5     0     0     3
0     -1    0     0     -3    -1    0     0     -2
0     1     0     0      1     1    0     0     -1
0     3     0     0      0     0    0     0      0
PHE
11
N     CA    C     O     CB    CG    CD1   CD2   CE1   CE2   CZ    
1     1     0     0     2     0     1     1     1     1     1
0     4     0     0     5     0     2     2     2     2     2
0     -1    0     0     -3    0     -1    -1    -2    -2    -2
0     1     0     0      1    0      2     2     2     1    -1
0     3     0     0      0    0      0     0     0     0     0
TYR
12
N     CA    C     O     CB    CG    CD1   CD2   CE1   CE2   CZ    OH    
1     1     0     0     2     0     1     1     1     1     0     1     
0     4     0     0     5     0     2     2     2     2     0     1
0     -1    0     0     -3    0     -1    -1    -2    -2    0     -1
0     1     0     0      1    0      2     2     2     1    0     -2
0     3     0     0      0    0      0     0     0     0    0      0
TRP
14
N     CA    C     O     CB    CG    CD1   CD2   NE1   CE2   CE3   CZ2   CZ3   CH2     
1     1     0     0     2     0     1     0     1     0     1     1     1     1
0     4     0     0     5     0     2     0     2     0     2     2     2     2
0     -1    0     0     -3    0     -1    0     -2    0     -3    -2    -2    -1
0     1     0     0      1    0      2    0      1    0      2     2     1    -2
0     3     0     0      0    0      0    0      0    0      0     0     0     0
HIS
10
N     CA    C     O     CB    CG    ND1   CD2   CE1   NE2   
1     1     0     0     2     0     1     1     1     0     
0     4     0     0     5     0     2     2     2     0
0     -1    0     0     -3    0     -1    -2    -2    0                        
0     1     0     0      1    0      2     2     1    0
0     3     0     0      0    0      0     0     0    0 
PRO
7
N     CA    C     O     CB    CG    CD   
0     1     0     0     2     2     2 
0     4     0     0     5     5     5
0     -1    0     0     -3    -1    -1                  
0     1     0     0      1     1    -6
0     3     0     0      0     0     0
