0.0562866 0.0051421 0.0857016 0.0874157 0.00868075 0.0806701 0.0415791 0.030355 0.0836559 0.015758 0.052748 0.0456707 0.0828818 0.0475506 0.070773 0.0818865 0.0767444 0.0370452 0.000663497 0.00879133 0
0.0939954 0.0340595 0.0165321 0.0298573 0.0800619 0.029028 0.0230012 0.0173615 0.111523 0.0516974 0.00873604 0.014984 0.0553467 0.0291939 0.0649121 0.0375429 0.0879133 0.0655756 0.0117771 0.136901 0
0.00928895 0.000939954 0.450514 0.0510339 0.000497622 0.0064138 0.0426849 0.000829371 0.110472 0.00154816 0.000497622 0.0327325 0.033009 0.0279221 0.128 0.0581112 0.0419109 0.00276457 0.00038704 0.000442331 0
0.101626 0.0184673 0.00038704 0 0.0150945 0.00132699 0.00187991 0.148568 0 0.0819418 0.00552914 0.00038704 0.00165874 0 0 0.0012717 0.0194073 0.579011 0.000995245 0.0224483 0
0.2001 0.0304103 0.000221166 5.52914e-05 0.00337277 0.0205131 0.00105054 0.19164 5.52914e-05 0.224759 0.00652438 0.000774079 5.52914e-05 0.000165874 0.000276457 0.00298573 0.0231671 0.292436 0.000110583 0.00132699 0
0 0 0 0 0 0 0 0.420767 0 0 0 0 0 0 0 0 0 0.579177 0 0 5.52914e-05
0.0435143 0.00934424 0 0 0.00143758 0 0 0.439732 0 0.0550702 0.00226695 0.000110583 0 0 0 0.00287515 0.000442331 0.445151 0 0 5.52914e-05
0 0 0 0 0 1 0 0 0 0 0 0 0 0 0 0 0 0 0 0 0
0.479597 0.00917837 0.000165874 0 0.00326219 0.38715 0.000331748 0 5.52914e-05 0.00375981 0.000663497 0 0 0 0 0.104335 0.00801725 0 0.000497622 0.00298573 0
0 0 0 0 0 1 0 0 0 0 0 0 0 0 0 0 0 0 0 0 0
0.0812783 0.00619264 0.000442331 0.000995245 0.0542408 0.0237753 0.0216189 0.167588 0.0012717 0.120203 0.0315714 0.00646909 0.290556 0.00923366 0.00221166 0.0282539 0.0245494 0.0973681 0.00597147 0.0261528 5.52914e-05
0.404622 0.0176932 0.000110583 0.00110583 0.0044786 0.146467 0.00176932 0.0829371 0.000110583 0.0239965 0.0226142 0.0180803 0.000663497 0.00160345 0.000331748 0.108095 0.0648568 0.0973681 0.00143758 0.00165874 0
0 0 0 0 0 1 0 0 0 0 0 0 0 0 0 0 0 0 0 0 0
0.0850934 0.0547938 0.000110583 0.0019352 0.00685613 0.023333 0.00226695 0.0619264 0.00210107 0.504423 0.0682849 0.00143758 0.0044786 0.00409156 0.00453389 0.0630875 0.0304656 0.0524162 0.000276457 0.028088 0
0.215305 0.0264293 0.00270928 0.111246 0.0179697 0.0476059 0.00790667 0.0211766 0.00646909 0.0337277 0.0379852 0.0112242 0.0126617 0.0166427 0.0271481 0.15465 0.145582 0.0855911 0.00541856 0.0125511 0
0.474511 0.0695013 5.52914e-05 0.000165874 0.0203472 0.00481035 0.0025434 0.0537432 0.000165874 0.108537 0.02372 0.00187991 0.000165874 0.000829371 0.000718788 0.0411368 0.120535 0.0725423 0.00160345 0.00243282 5.52914e-05
0.97722 5.52914e-05 0 0 0 0.0188544 0 0 0 0 0 0 0 0 0 0.0038704 0 0 0 0 0
0.114011 0.0218954 0.0173615 0.0324008 0.0240518 0.0205684 0.0299126 0.124516 0.0322902 0.183236 0.0141546 0.0233883 0.000276457 0.0293044 0.092226 0.034723 0.0247705 0.0603229 0.0246047 0.0959858 0
0.151443 0.00984187 0.0473847 0.121143 0.0325666 0.043072 0.0503152 0.0278116 0.0268163 0.066792 0.0165874 0.0202366 0.000995245 0.0492646 0.10439 0.0476612 0.0648568 0.0494858 0.0112794 0.058056 0
0.239301 0.0248258 0 0 0.0298573 0.00602676 0 0.0107818 0 0.642652 0.0150945 0 0 0 0 0.0126617 0.00486564 0.0105054 0.000774079 0.00265399 0
0.468594 0.00724317 0.00541856 0.0132146 0.000884662 0.0413027 0.0317925 0.0133805 0.0473294 0.046113 0.00464448 0.0143205 5.52914e-05 0.0550149 0.0925578 0.0798408 0.0349442 0.038704 0.00132699 0.00331748 0
0.0811125 0.00353865 0.056176 0.135187 0.00481035 0.0298573 0.0187438 0.0057503 0.134745 0.0551808 0.0102289 0.0299126 0.00121641 0.108979 0.23814 0.0502046 0.020679 0.00879133 0.00165874 0.00503152 5.52914e-05
0.251631 0.0090125 0.0188544 0.0449519 0.0222271 0.0205131 0.0377087 0.00939954 0.0652438 0.118102 0.0249917 0.0395333 0.000829371 0.0693354 0.166151 0.0551255 0.0165321 0.0100077 0.00132699 0.018412 0.000110583
0 0 0.00265399 0 0 0.977718 0.000608205 0 0.000497622 0 0 0.0142652 0.000276457 0 0.00398098 0 0 0 0 0 0
0.133639 0.0205684 0.00187991 0.0051421 0.0689484 0.00735375 0.116001 0.0863651 0.065852 0.16322 0.0248811 0.00663497 0.000663497 0.0152604 0.0580007 0.0150945 0.008349 0.107486 0.0225036 0.0721553 0
0.0389251 0.00165874 0.12518 0.0911202 0.00232224 0.0154816 0.0232224 0.00199049 0.182517 0.00497622 0.000774079 0.0511445 0.0390357 0.0619264 0.168031 0.140993 0.0415238 0.00425744 0.00121641 0.00364923 5.52914e-05
0.0262634 0.0190202 0.020679 0.000939954 0.0148734 0.00359394 0.00232224 0.0168086 0.00375981 0.00221166 0.000221166 0.00989716 0.0275351 0.00038704 0.00475506 0.0183014 0.0986398 0.719839 0.000608205 0.00928895 5.52914e-05
0.106381 0.018412 0.0185779 0.0198496 0.0100077 0.00857016 0.0208449 0.0702754 0.0132699 0.174057 0.0111136 0.00293044 0.000276457 0.0121088 0.0451178 0.020679 0.261031 0.176822 0.0019352 0.00774079 0
0.00287515 0.0133805 0 0 0.000663497 0.00425744 0 0.161783 0 0.367688 0.0162004 0 0 0.00038704 0.000276457 5.52914e-05 0.00862546 0.423753 0 0 5.52914e-05
0.0207896 0.0117771 0 0 0.1139 0 0 0.193962 5.52914e-05 0.323786 0.00635851 0 0 0 0.000995245 0 0.00309632 0.254672 0.00519739 0.0653544 5.52914e-05
